$ANSIBLE_VAULT;1.1;AES256
63636633353261643533623766386464353436626636383135633532313230346638623839626530
3837313832666138616365383830333336393061326334310a643531626361363231303863636632
35373536623364353962393461656236303637623630656432366638643930323361323930613736
3331663733393763310a343538623330666539653036663934383831313532643362623266613832
33383565373161303134316138306463653238356632663538353465383639316439353634326433
65383030643438336136633263643936303565306438663234613935363437343736396465626233
31326235346338653634646463313863353463306263386361663237633561356134346366373634
64343635353131313532376434363938633235376261363164376566313036633032613064626637
36393362383335616439326135343762386261623463366233383339333464326434343739383964
33376531643638396665626132636330396664636261353231333234323130623239396237393838
37343363373362356339626464306338653534353261306535643064356334386639623030353036
37366534633266363163613865386337336461316162333566616361636536333239653166663133
65366238303835373935663434643565366561653936613137306664646335636232666636666165
30333531383462343736383262643431656632336365343739633233336565653435336638616533
30333335663039326165396432316232646634363365316334666666323466613061623136363033
36363034363962373861613534353036323461616430363237343032363339383565653931343332
34626539303835326332623163336434373734303337323663316135373634633466666433636162
35623530616161643663346465383132336566313435626231343963643933313363326438326331
31623232323230326338343135313065663065313131316465333162636331613536633237353336
62653330643638393232373538663533623434663737633137386165323437386533663037346339
32313038636364666138646130313564653736393566383338366234396661626237666634633961
66656332653663636466343565303236393763333732313530653634353333363439626262633739
36353231393565633234363435343139626436313465373065366166643530363832383665356562
65626566346235656462386239303765633338616435646164363764643538633432396139303932
37373936326463303565393961353938346330366636376562383366396363636437663939353238
62306335643436653066376364653232643333386533343736646239313963383564346361316434
34653636323564316466343233303364653563326333653835663438323235616435363131336237
39393864326265363164653330393463356439373839376462353365333034393438633662356365
35313465373534623065326234633563373235623266356634326433663239643034376333366335
66636432333761333838363834616462386538656438616233303137396637653631333738333337
31613133356563623434316334376462333061353337613037646562643039653463363464613138
32303566633963626130336432646264353134333366326430666138656339633964383037393464
65323734393636333934346166326533613763333138396638383635356630383466336639386634
30323162383933393538353636303837633466636232613766636136393261613261333038646666
32366661353765633332316539313063393862393938643839366163383163643838623837363763
66356534333966393037323330373032383666643937656130663666316631373032303966316365
66373138636165323961356662373439383135313361326438626634646334376334353436373539
64393630633763393836383332373332366334663934393931656262653862393332653866353830
36666338663438363835623738316335373766616636633765626234336235373137633231633565
33663031646432626666666631653531663230366230653935346630346431623162376534316364
64366637656561393561323033643230636563363765363034656630333038373932336233323732
62633061303135643138663336383365623831343436396661373033303037653765616161646434
63356463353230626564333563326138383136303735393162373538663837653330363539386132
35636264383033643437333465363738373536346334386438663535396438316637633162653430
61646535343539633462343532633936623361353632313633383938623233643132396531343364
62336632343035363534643036343839613766653531326461653935333163636133383662396530
64653039343635383164373334333637663734623266626264376133313035313436346135336639
61313139653939386632306462356566633038366137656337343632396161356636386166666234
39306234636431306534306539613537333965323233326461386138353764653034353366636337
35343030613334383430336435393438313564666235633539313734363831623061336437356462
61363833623562336539643565323336643266646331626362353733643736353530643165356536
33376231356566316536383261626334303763633935316236393533303763376363643237363037
37626230316534616532343332386135626666323532346465623237393963663461343734353764
31306431633032623237303461656562343938643264646561636137623032306134343862643462
66666665623739346639316331653030343439363037653661353738646435323465306236653733
37333339663036386463316233363731313335313766373063663763313735383834663634643335
61373935646336323734346162303730326539313834616437396266313166636531363530353766
64633963323632623765663664313035653531326130346332313235366238383866366365626564
33616138656164323030393637353238616463623335613935633634663634313666353231363939
37313839366233653861316439633432373263353665623263306362323364343765613132623132
3536
